1.249317716666653126e+02	1.500000000000000000e+02	6.174568996497587392e+01
2.632053533333334485e+02	1.500000000000000000e+02	6.174568996497587392e+01
3.350723283333338145e+02	3.550000000000000000e+02	6.174568996497587392e+01
1.222979833333339457e+02	8.950000000000000000e+01	6.174568996497587392e+01
2.123671516666660466e+02	1.578400000000000034e+02	6.174568996497587392e+01
1.119121066666677820e+02	1.450000000000000000e+02	6.174568996497587392e+01
1.903655583333332686e+02	2.325000000000000000e+02	6.174568996497587392e+01
9.694159166666652538e+01	1.225000000000000000e+02	6.174568996497587392e+01
1.557564716666666698e+02	1.025000000000000000e+02	6.174568996497587392e+01
4.311024833333339501e+01	3.400000000000000000e+01	6.174568996497587392e+01
1.036980516666664585e+02	9.500000000000000000e+01	6.174568996497587392e+01
3.403050116666663030e+02	3.550000000000000000e+02	6.174568996497587392e+01
1.150744316666667828e+02	8.500000000000000000e+01	6.174568996497587392e+01
1.804129783333330295e+02	2.195000000000000000e+02	6.174568996497587392e+01
3.434892050000003110e+02	3.460000000000000000e+02	6.174568996497587392e+01
4.348840133333329163e+02	4.999900000000000091e+02	6.174568996497587392e+01
3.182482750000006604e+02	2.225000000000000000e+02	6.174568996497587392e+01
3.340340950000007183e+02	2.125000000000000000e+02	6.174568996497587392e+01
2.772991766666651756e+02	2.050000000000000000e+02	6.174568996497587392e+01
4.741179783333333830e+02	3.590000000000000000e+02	6.174568996497587392e+01
4.757212700000015957e+02	4.600000000000000000e+02	6.174568996497587392e+01
5.867491566666664085e+02	6.300000000000000000e+02	6.174568996497587392e+01
1.764546083333322315e+02	1.825000000000000000e+02	6.174568996497587392e+01
2.009076183333333177e+02	1.424499999999999886e+02	6.174568996497587392e+01
1.186926883333331944e+02	1.419000000000000057e+02	6.174568996497587392e+01
1.538205549999974835e+02	2.025000000000000000e+02	6.174568996497587392e+01
1.094627583333331842e+02	1.850000000000000000e+02	6.174568996497587392e+01
3.500381949999998028e+02	4.065099999999999909e+02	6.174568996497587392e+01
2.032976916666662817e+02	1.575000000000000000e+02	6.174568996497587392e+01
1.299305783333342958e+02	7.698999999999999488e+01	6.174568996497587392e+01
5.897580199999998740e+02	4.880000000000000000e+02	6.174568996497587392e+01
2.372268633333342507e+02	1.875000000000000000e+02	6.174568996497587392e+01
1.874245266666664804e+02	1.375500000000000114e+02	6.174568996497587392e+01
2.119940066666650864e+02	1.745000000000000000e+02	6.174568996497587392e+01
1.878181749999985186e+02	1.935000000000000000e+02	6.174568996497587392e+01
3.144955216666666615e+02	3.950000000000000000e+02	6.174568996497587392e+01
2.847242216666666650e+02	4.250000000000000000e+02	6.174568996497587392e+01
9.766227833333327624e+01	1.715000000000000000e+02	6.174568996497587392e+01
1.579106683333338879e+02	7.600000000000000000e+01	6.174568996497587392e+01
1.963255333333333112e+02	2.175000000000000000e+02	6.174568996497587392e+01
3.277397633333335421e+02	2.900000000000000000e+02	6.174568996497587392e+01
1.591276333333326249e+02	2.100000000000000000e+02	6.174568996497587392e+01
1.767680866666663917e+02	1.980000000000000000e+02	6.174568996497587392e+01
5.730046333333365993e+01	3.400999999999999801e+01	6.174568996497587392e+01
1.002030533333335711e+02	1.825000000000000000e+02	6.174568996497587392e+01
2.135849666666674196e+01	3.100000000000000000e+01	6.174568996497587392e+01
3.247088199999995481e+02	2.275000000000000000e+02	6.174568996497587392e+01
4.883393883333330336e+02	3.600000000000000000e+02	6.174568996497587392e+01
2.206645849999999882e+02	2.020000000000000000e+02	6.174568996497587392e+01
1.188696433333332863e+02	1.385999999999999943e+02	6.174568996497587392e+01
1.869581416666668190e+02	1.775000000000000000e+02	6.174568996497587392e+01
4.479137733333334950e+02	4.425500000000000114e+02	6.174568996497587392e+01
2.748477799999999434e+02	2.550000000000000000e+02	6.174568996497587392e+01
1.172336650000003573e+02	9.900000000000000000e+01	6.174568996497587392e+01
1.192308099999998632e+02	1.285000000000000000e+02	6.174568996497587392e+01
3.481174799999996594e+02	2.720000000000000000e+02	6.174568996497587392e+01
3.689112166666671442e+02	2.000000000000000000e+02	6.174568996497587392e+01
1.769331516666660775e+02	1.756200000000000045e+02	6.174568996497587392e+01
1.601677749999998923e+02	1.974900000000000091e+02	6.174568996497587392e+01
1.622201966666661690e+02	1.385000000000000000e+02	6.174568996497587392e+01
3.331440500000000497e+02	3.000000000000000000e+02	6.174568996497587392e+01
7.896162333333319339e+01	1.000000000000000000e+02	6.174568996497587392e+01
8.391634833333334598e+01	9.200000000000000000e+01	6.174568996497587392e+01
1.978255366666670341e+02	2.720899999999999750e+02	6.174568996497587392e+01
3.123241566666667381e+02	3.590000000000000000e+02	6.174568996497587392e+01
4.999925266666658104e+02	2.950000000000000000e+02	6.174568996497587392e+01
1.401198883333329945e+02	1.275000000000000000e+02	6.174568996497587392e+01
1.230905166666666020e+02	1.365000000000000000e+02	6.174568996497587392e+01
3.443897283333330961e+02	3.550000000000000000e+02	6.174568996497587392e+01
8.145242833333333010e+01	7.700000000000000000e+01	6.174568996497587392e+01
1.135377633333330465e+02	1.890000000000000000e+02	6.174568996497587392e+01
1.819364233333340337e+02	2.200000000000000000e+02	6.174568996497587392e+01
6.376327500000036252e+01	8.500000000000000000e+01	6.174568996497587392e+01
1.153497333333332193e+02	1.350099999999999909e+02	6.174568996497587392e+01
3.799569733333337354e+02	2.661000000000000227e+02	6.174568996497587392e+01
2.683178183333334914e+02	2.565000000000000000e+02	6.174568996497587392e+01
3.299850833333330797e+02	2.550000000000000000e+02	6.174568996497587392e+01
1.282816683333333287e+02	8.100000000000000000e+01	6.174568996497587392e+01
3.831105433333336805e+02	4.150000000000000000e+02	6.174568996497587392e+01
1.974823349999995514e+02	1.500000000000000000e+02	6.174568996497587392e+01
8.440465499999987742e+01	8.100000000000000000e+01	6.174568996497587392e+01
2.180424416666654395e+02	1.575000000000000000e+02	6.174568996497587392e+01
1.625570950000012829e+02	1.425000000000000000e+02	6.174568996497587392e+01
1.090093416666667707e+02	1.075000000000000000e+02	6.174568996497587392e+01
3.516191449999996053e+02	4.609900000000000091e+02	6.174568996497587392e+01
3.328645916666666267e+02	2.700000000000000000e+02	6.174568996497587392e+01
1.655615549999999701e+02	1.875000000000000000e+02	6.174568996497587392e+01
1.613717166666669982e+02	2.030099999999999909e+02	6.174568996497587392e+01
2.780020799999999781e+02	2.870000000000000000e+02	6.174568996497587392e+01
1.673260833333324342e+02	1.410000000000000000e+02	6.174568996497587392e+01
1.470015449999998509e+02	2.025000000000000000e+02	6.174568996497587392e+01
3.522127033333356962e+02	3.880000000000000000e+02	6.174568996497587392e+01
1.694177050000000975e+02	1.275000000000000000e+02	6.174568996497587392e+01
5.545037833333398680e+01	9.223000000000000398e+01	6.174568996497587392e+01
1.048941166666664913e+02	1.200100000000000051e+02	6.174568996497587392e+01
7.996881333333323028e+01	7.900000000000000000e+01	6.174568996497587392e+01
2.107161116666662792e+02	1.475000000000000000e+02	6.174568996497587392e+01
1.172513666666666836e+02	1.275000000000000000e+02	6.174568996497587392e+01
3.167401149999992640e+02	3.600000000000000000e+02	6.174568996497587392e+01
1.601758783333342251e+02	1.195000000000000000e+02	6.174568996497587392e+01
2.135410566666659804e+02	1.316200000000000045e+02	6.174568996497587392e+01
4.364209866666677158e+02	3.500000000000000000e+02	6.174568996497587392e+01
3.112007649999997625e+02	3.520000000000000000e+02	6.174568996497587392e+01
2.143510716666656890e+02	1.525500000000000114e+02	6.174568996497587392e+01
5.050415583333319773e+02	4.120899999999999750e+02	6.174568996497587392e+01
3.328339033333328985e+02	3.950000000000000000e+02	6.174568996497587392e+01
1.016650133333333201e+02	1.275000000000000000e+02	6.174568996497587392e+01
3.038350833333362644e+01	4.800000000000000000e+01	6.174568996497587392e+01
1.951734566666660839e+02	1.010000000000000000e+02	6.174568996497587392e+01
2.672080416666649967e+02	2.570000000000000000e+02	6.174568996497587392e+01
2.800278199999997923e+02	2.800000000000000000e+02	6.174568996497587392e+01
3.103185716666662302e+02	2.701499999999999773e+02	6.174568996497587392e+01
5.558105949999998074e+02	6.400000000000000000e+02	6.174568996497587392e+01
1.879210133333325246e+02	1.900000000000000000e+02	6.174568996497587392e+01
1.869695099999996728e+02	2.390000000000000000e+02	6.174568996497587392e+01
1.586798449999998297e+02	1.825000000000000000e+02	6.174568996497587392e+01
2.808322116666667512e+02	3.700000000000000000e+02	6.174568996497587392e+01
1.222152166666668336e+02	1.330000000000000000e+02	6.174568996497587392e+01
3.078567433333332133e+02	4.450000000000000000e+02	6.174568996497587392e+01
1.982676016666652288e+02	1.999900000000000091e+02	6.174568996497587392e+01
1.308859966666666139e+02	1.425000000000000000e+02	6.174568996497587392e+01
3.007032783333327757e+02	1.500000000000000000e+02	6.174568996497587392e+01
2.195287666666671669e+02	2.380200000000000102e+02	6.174568996497587392e+01
4.419770916666666949e+02	3.550000000000000000e+02	6.174568996497587392e+01
9.564807333333328643e+01	1.425000000000000000e+02	6.174568996497587392e+01
1.800964249999999254e+02	3.100000000000000000e+02	6.174568996497587392e+01
2.305190983333320673e+02	2.550000000000000000e+02	6.174568996497587392e+01
3.125596783333334088e+02	3.200000000000000000e+02	6.174568996497587392e+01
1.338008850000003633e+02	9.675000000000000000e+01	6.174568996497587392e+01
2.953371166666626024e+01	2.655999999999999872e+01	6.174568996497587392e+01
1.348617116666671052e+02	1.515099999999999909e+02	6.174568996497587392e+01
3.321404333333333057e+02	3.050000000000000000e+02	6.174568996497587392e+01
1.852787966666656700e+02	2.025000000000000000e+02	6.174568996497587392e+01
1.498735949999987440e+02	2.850000000000000000e+02	6.174568996497587392e+01
2.071051533333325096e+02	2.450000000000000000e+02	6.174568996497587392e+01
2.077544483333335847e+02	1.945000000000000000e+02	6.174568996497587392e+01
6.203372833333332181e+01	4.900000000000000000e+01	6.174568996497587392e+01
5.734461500000011824e+01	6.900000000000000000e+01	6.174568996497587392e+01
4.636512166666693702e+01	6.300000000000000000e+01	6.174568996497587392e+01
1.630424416666666332e+02	2.560000000000000000e+02	6.174568996497587392e+01
7.214599666666677535e+01	6.598999999999999488e+01	6.174568996497587392e+01
1.266580466666668912e+02	1.260100000000000051e+02	6.174568996497587392e+01
1.155844516666666095e+02	9.000000000000000000e+01	6.174568996497587392e+01
1.593682766666667305e+02	2.025000000000000000e+02	6.174568996497587392e+01
1.595501633333332734e+02	1.025000000000000000e+02	6.174568996497587392e+01
1.977059250000004624e+02	2.250000000000000000e+02	6.174568996497587392e+01
4.251823350000020696e+02	4.760000000000000000e+02	6.174568996497587392e+01
1.235964150000000927e+02	1.250000000000000000e+02	6.174568996497587392e+01
1.890729516666666257e+02	2.025000000000000000e+02	6.174568996497587392e+01
6.052966500000015770e+01	9.400000000000000000e+01	6.174568996497587392e+01
2.492624350000004370e+02	3.000099999999999909e+02	6.174568996497587392e+01
2.732724166666663379e+01	3.300000000000000000e+01	6.174568996497587392e+01
2.000700350000000469e+02	1.225000000000000000e+02	6.174568996497587392e+01
2.975038716666653613e+02	2.561100000000000136e+02	6.174568996497587392e+01
1.779532533333327535e+02	2.325000000000000000e+02	6.174568996497587392e+01
1.146947999999998018e+02	4.600000000000000000e+01	6.174568996497587392e+01
2.348205466666668144e+02	2.750000000000000000e+02	6.174568996497587392e+01
3.203219633333341108e+02	2.275000000000000000e+02	6.174568996497587392e+01
5.760042833333375256e+01	1.125100000000000051e+02	6.174568996497587392e+01
4.819904499999976366e+01	4.027000000000000313e+01	6.174568996497587392e+01
2.057166883333341332e+02	1.300000000000000000e+02	6.174568996497587392e+01
2.018429433333336647e+02	1.375000000000000000e+02	6.174568996497587392e+01
1.768849399999998298e+02	1.595000000000000000e+02	6.174568996497587392e+01
2.314593633333327887e+02	1.580000000000000000e+02	6.174568996497587392e+01
1.822466733333334616e+02	2.165099999999999909e+02	6.174568996497587392e+01
4.275360949999989657e+02	5.310000000000000000e+02	6.174568996497587392e+01
1.905027233333329093e+02	1.302100000000000080e+02	6.174568996497587392e+01
3.185834066666665763e+02	3.050000000000000000e+02	6.174568996497587392e+01
1.178241599999998499e+02	6.598000000000000398e+01	6.174568996497587392e+01
1.560331516666668392e+02	1.875000000000000000e+02	6.174568996497587392e+01
1.803574899999983927e+02	1.525000000000000000e+02	6.174568996497587392e+01
4.346147650000007161e+02	4.570000000000000000e+02	6.174568996497587392e+01
2.824330766666665227e+02	3.020000000000000000e+02	6.174568996497587392e+01
1.629529266666667127e+02	2.225000000000000000e+02	6.174568996497587392e+01
5.734645066666661251e+02	6.500000000000000000e+02	6.174568996497587392e+01
2.449153033333337532e+02	1.675000000000000000e+02	6.174568996497587392e+01
1.363523333333327230e+02	2.800000000000000000e+01	6.174568996497587392e+01
3.176850866666664501e+02	1.725000000000000000e+02	6.174568996497587392e+01
2.051520783333326960e+02	1.625000000000000000e+02	6.174568996497587392e+01
1.244832683333339531e+02	9.400000000000000000e+01	6.174568996497587392e+01
9.167487333333372135e+01	1.085000000000000000e+02	6.174568996497587392e+01
1.209840166666667045e+02	1.632500000000000000e+02	6.174568996497587392e+01
3.234642666666667878e+02	2.499900000000000091e+02	6.174568996497587392e+01
2.096516000000004851e+02	6.600000000000000000e+01	6.174568996497587392e+01
1.397588116666665030e+02	7.200000000000000000e+01	6.174568996497587392e+01
1.517906716666674356e+02	2.125000000000000000e+02	6.174568996497587392e+01
2.583784983333317768e+02	3.019900000000000091e+02	6.174568996497587392e+01
1.536342099999997401e+02	1.220000000000000000e+02	6.174568996497587392e+01
1.337640333333332592e+02	1.725000000000000000e+02	6.174568996497587392e+01
4.778635116666668523e+02	7.050000000000000000e+02	6.174568996497587392e+01
2.641108849999957897e+02	2.500000000000000000e+02	6.174568996497587392e+01
5.634982333333315410e+02	4.000000000000000000e+02	6.174568996497587392e+01
1.915505983333330562e+02	2.445000000000000000e+02	6.174568996497587392e+01
5.045290116666665767e+02	4.553000000000000114e+02	6.174568996497587392e+01
9.315207333333324868e+01	9.900000000000000000e+01	6.174568996497587392e+01
3.013337449999992828e+02	3.050000000000000000e+02	6.174568996497587392e+01
1.726618033333324149e+02	2.025000000000000000e+02	6.174568996497587392e+01
1.317984716666667850e+02	1.435000000000000000e+02	6.174568996497587392e+01
1.784886766666662936e+02	2.086200000000000045e+02	6.174568996497587392e+01
2.063461916666665559e+02	2.900000000000000000e+02	6.174568996497587392e+01
1.588265616666666347e+02	1.765000000000000000e+02	6.174568996497587392e+01
1.071346866666664397e+02	8.401000000000000512e+01	6.174568996497587392e+01
3.651164616666677034e+02	3.350000000000000000e+02	6.174568996497587392e+01
1.183708199999999238e+02	8.100000000000000000e+01	6.174568996497587392e+01
5.730316016666650967e+02	5.300000000000000000e+02	6.174568996497587392e+01
1.115577083333332240e+02	1.084899999999999949e+02	6.174568996497587392e+01
4.289775616666668725e+02	3.650000000000000000e+02	6.174568996497587392e+01
4.046338149999999700e+02	2.495000000000000000e+02	6.174568996497587392e+01
1.738738949999988108e+02	1.780600000000000023e+02	6.174568996497587392e+01
5.803112999999975585e+01	2.000000000000000000e+01	6.174568996497587392e+01
1.783921533333328568e+02	2.960000000000000000e+02	6.174568996497587392e+01
1.964723500000003753e+02	1.975000000000000000e+02	6.174568996497587392e+01
1.180514916666663368e+02	1.028900000000000006e+02	6.174568996497587392e+01
3.573673083333335967e+02	3.420000000000000000e+02	6.174568996497587392e+01
6.116632916666663959e+02	5.600000000000000000e+02	6.174568996497587392e+01
2.223531899999995005e+02	1.250000000000000000e+02	6.174568996497587392e+01
9.797433333333300709e+01	7.600000000000000000e+01	6.174568996497587392e+01
1.766039016666653367e+02	1.960000000000000000e+02	6.174568996497587392e+01
1.754249349999990670e+02	1.300000000000000000e+02	6.174568996497587392e+01
2.693285800000005565e+02	3.000000000000000000e+02	6.174568996497587392e+01
1.628035449999997297e+02	1.875000000000000000e+02	6.174568996497587392e+01
1.662623366666667835e+02	1.499900000000000091e+02	6.174568996497587392e+01
1.007813749999998549e+02	9.700000000000000000e+01	6.174568996497587392e+01
9.573124833333379513e+01	8.703000000000000114e+01	6.174568996497587392e+01
1.304103400000006729e+02	8.900000000000000000e+01	6.174568996497587392e+01
2.511551783333329695e+02	3.260000000000000000e+02	6.174568996497587392e+01
2.781759183333326746e+02	2.900000000000000000e+02	6.174568996497587392e+01
1.897847950000003721e+02	2.475000000000000000e+02	6.174568996497587392e+01
2.027883033333341416e+02	1.675000000000000000e+02	6.174568996497587392e+01
3.684057899999991719e+02	4.050000000000000000e+02	6.174568996497587392e+01
1.797167583333326490e+02	1.500000000000000000e+02	6.174568996497587392e+01
1.885756133333336209e+02	1.961899999999999977e+02	6.174568996497587392e+01
6.644619666666672231e+01	8.000000000000000000e+01	6.174568996497587392e+01
1.217660649999999265e+02	6.100000000000000000e+01	6.174568996497587392e+01
1.839538449999992338e+02	1.675000000000000000e+02	6.174568996497587392e+01
8.825248166666661120e+01	5.699000000000000199e+01	6.174568996497587392e+01
2.780609000000001743e+02	2.125000000000000000e+02	6.174568996497587392e+01
1.254714533333333151e+02	1.030600000000000023e+02	6.174568996497587392e+01
9.354602666666670530e+01	7.631999999999999318e+01	6.174568996497587392e+01
3.089098450000005300e+02	2.423600000000000136e+02	6.174568996497587392e+01
3.355947383333330549e+02	3.615000000000000000e+02	6.174568996497587392e+01
4.736151866666668298e+02	5.300000000000000000e+02	6.174568996497587392e+01
1.888102100000004668e+02	1.999900000000000091e+02	6.174568996497587392e+01
1.847501766666665333e+02	2.175000000000000000e+02	6.174568996497587392e+01
3.811589500000008002e+01	5.250000000000000000e+01	6.174568996497587392e+01
1.761044466666661492e+02	1.400900000000000034e+02	6.174568996497587392e+01
1.136649066666667665e+02	1.650000000000000000e+02	6.174568996497587392e+01
1.139979683333334179e+02	9.001000000000000512e+01	6.174568996497587392e+01
3.411144999999999641e+02	2.750000000000000000e+02	6.174568996497587392e+01
1.295684816666671964e+02	2.100000000000000000e+02	6.174568996497587392e+01
1.847891066666662994e+02	1.953499999999999943e+02	6.174568996497587392e+01
2.296119416666670077e+02	3.082300000000000182e+02	6.174568996497587392e+01
1.203850866666663393e+02	1.870000000000000000e+02	6.174568996497587392e+01
2.003749449999998831e+02	1.650000000000000000e+02	6.174568996497587392e+01
3.134396833333342514e+01	3.800000000000000000e+01	6.174568996497587392e+01
8.147151166666667166e+01	1.475000000000000000e+02	6.174568996497587392e+01
7.007423816666665743e+02	6.540000000000000000e+02	6.174568996497587392e+01
6.311837833333404291e+01	6.100000000000000000e+01	6.174568996497587392e+01
2.951010366666664595e+02	3.990000000000000000e+02	6.174568996497587392e+01
1.076824833333334368e+02	7.600000000000000000e+01	6.174568996497587392e+01
1.735679583333329390e+02	2.625000000000000000e+02	6.174568996497587392e+01
2.552674199999979976e+02	2.950000000000000000e+02	6.174568996497587392e+01
6.885970000000095581e+01	8.100000000000000000e+01	6.174568996497587392e+01
1.519543333333332384e+02	1.272199999999999989e+02	6.174568996497587392e+01
2.084501333333328148e+02	2.125000000000000000e+02	6.174568996497587392e+01
1.749151749999998913e+02	1.505000000000000000e+02	6.174568996497587392e+01
8.832170333333358769e+01	2.750000000000000000e+02	6.174568996497587392e+01
2.965181416666670771e+02	2.900000000000000000e+02	6.174568996497587392e+01
4.959925333333334407e+01	4.309000000000000341e+01	6.174568996497587392e+01
1.777687983333326258e+02	1.282400000000000091e+02	6.174568996497587392e+01
1.583076599999990606e+02	1.625000000000000000e+02	6.174568996497587392e+01
4.256659433333319953e+02	4.550000000000000000e+02	6.174568996497587392e+01
2.025027416666663100e+02	1.540000000000000000e+02	6.174568996497587392e+01
1.730775133333323481e+02	1.518499999999999943e+02	6.174568996497587392e+01
3.944656249999996476e+02	2.275000000000000000e+02	6.174568996497587392e+01
6.773715833333416469e+01	7.600000000000000000e+01	6.174568996497587392e+01
5.449285500000021187e+01	6.100000000000000000e+01	6.174568996497587392e+01
1.399196916666667789e+02	1.705000000000000000e+02	6.174568996497587392e+01
5.700806166666672681e+01	4.600000000000000000e+01	6.174568996497587392e+01
3.087610400000000936e+02	2.050099999999999909e+02	6.174568996497587392e+01
4.414884733333329336e+02	6.000000000000000000e+02	6.174568996497587392e+01
1.809053699999997207e+02	1.980500000000000114e+02	6.174568996497587392e+01
1.536196316666670612e+02	1.200000000000000000e+02	6.174568996497587392e+01
3.235387166666666303e+02	2.325000000000000000e+02	6.174568996497587392e+01
2.071836349999993274e+02	1.735000000000000000e+02	6.174568996497587392e+01
9.080785333333336951e+01	6.300000000000000000e+01	6.174568996497587392e+01
5.772720166666700692e+01	4.100000000000000000e+01	6.174568996497587392e+01
6.516318833333355087e+01	1.015199999999999960e+02	6.174568996497587392e+01
2.087251366666652359e+02	1.975000000000000000e+02	6.174568996497587392e+01
2.611081583333327671e+02	3.180000000000000000e+02	6.174568996497587392e+01
1.897053650000002563e+02	1.375999999999999943e+02	6.174568996497587392e+01
1.106648950000000724e+02	6.900000000000000000e+01	6.174568996497587392e+01
1.245121483333327461e+02	1.110000000000000000e+02	6.174568996497587392e+01
3.733883033333329422e+02	3.500000000000000000e+02	6.174568996497587392e+01
1.705084749999996347e+02	1.643799999999999955e+02	6.174568996497587392e+01
3.821754149999982815e+02	4.270000000000000000e+02	6.174568996497587392e+01
1.671807999999994081e+02	1.850000000000000000e+02	6.174568996497587392e+01
1.899366699999998502e+02	1.640600000000000023e+02	6.174568996497587392e+01
1.736629916666664997e+02	1.500000000000000000e+02	6.174568996497587392e+01
3.884303966666681731e+02	3.520000000000000000e+02	6.174568996497587392e+01
1.963336216666662892e+02	1.990000000000000000e+02	6.174568996497587392e+01
1.886782449999991513e+02	1.105000000000000000e+02	6.174568996497587392e+01
3.076186500000002866e+02	1.625000000000000000e+02	6.174568996497587392e+01
3.731529750000018453e+02	3.650000000000000000e+02	6.174568996497587392e+01
1.543756116666670835e+02	1.940000000000000000e+02	6.174568996497587392e+01
5.593658116666662181e+02	6.100000000000000000e+02	6.174568996497587392e+01
1.814286300000001120e+02	1.175000000000000000e+02	6.174568996497587392e+01
1.274761333333336779e+02	2.030399999999999920e+02	6.174568996497587392e+01
1.079607900000001308e+02	4.778000000000000114e+01	6.174568996497587392e+01
2.397996049999989339e+02	2.360000000000000000e+02	6.174568996497587392e+01
4.613753216666667072e+02	5.210000000000000000e+02	6.174568996497587392e+01
6.159346899999986817e+02	5.900000000000000000e+02	6.174568996497587392e+01
2.723747600000003217e+02	2.800000000000000000e+02	6.174568996497587392e+01
2.599817833333335670e+01	1.550000000000000000e+01	6.174568996497587392e+01
2.497264600000000598e+02	2.600000000000000000e+02	6.174568996497587392e+01
4.232192016666663221e+02	4.560000000000000000e+02	6.174568996497587392e+01
6.333707166666668087e+01	8.256000000000000227e+01	6.174568996497587392e+01
1.753842783333324462e+02	1.574900000000000091e+02	6.174568996497587392e+01
7.871060166666678981e+01	1.250000000000000000e+02	6.174568996497587392e+01
3.950732166666703193e+01	7.000000000000000000e+01	6.174568996497587392e+01
5.394330666666681395e+01	6.100000000000000000e+01	6.174568996497587392e+01
1.572428999999995654e+02	2.050000000000000000e+02	6.174568996497587392e+01
6.251133666666680710e+01	1.200000000000000000e+02	6.174568996497587392e+01
9.989849666666653150e+01	1.500000000000000000e+02	6.174568996497587392e+01
1.982341933333336783e+02	2.670000000000000000e+02	6.174568996497587392e+01
3.147732016666661821e+02	3.800000000000000000e+02	6.174568996497587392e+01
2.169956533333330242e+02	1.637100000000000080e+02	6.174568996497587392e+01
1.965173249999999996e+02	1.850000000000000000e+02	6.174568996497587392e+01
2.998338966666661918e+02	3.500000000000000000e+02	6.174568996497587392e+01
1.852655616666669687e+02	1.625000000000000000e+02	6.174568996497587392e+01
1.982056183333330921e+02	1.925000000000000000e+02	6.174568996497587392e+01
9.355816000000019983e+01	9.100000000000000000e+01	6.174568996497587392e+01
9.297342333333322983e+01	5.000000000000000000e+01	6.174568996497587392e+01
5.981156233333334740e+02	4.550000000000000000e+02	6.174568996497587392e+01
3.624505699999988906e+02	4.350000000000000000e+02	6.174568996497587392e+01
1.100870516666667953e+02	1.380000000000000000e+02	6.174568996497587392e+01
7.344383833333310463e+01	5.200000000000000000e+01	6.174568996497587392e+01
1.471135466666664797e+02	1.284900000000000091e+02	6.174568996497587392e+01
3.273447833333337371e+02	1.700000000000000000e+02	6.174568996497587392e+01
1.138894999999999555e+02	9.120000000000000284e+01	6.174568996497587392e+01
1.836447399999987056e+02	2.025000000000000000e+02	6.174568996497587392e+01
5.880411833333344163e+01	5.600999999999999801e+01	6.174568996497587392e+01
8.678819833333356826e+01	9.600000000000000000e+01	6.174568996497587392e+01
1.119204366666669301e+02	5.100000000000000000e+01	6.174568996497587392e+01
2.166795249999995860e+02	1.680399999999999920e+02	6.174568996497587392e+01
1.642396833333337725e+02	1.835000000000000000e+02	6.174568996497587392e+01
1.068734833333344909e+02	1.635000000000000000e+02	6.174568996497587392e+01
4.786618366666673978e+02	2.045000000000000000e+02	6.174568996497587392e+01
3.318835149999996474e+02	2.340000000000000000e+02	6.174568996497587392e+01
1.696902299999998434e+02	1.800000000000000000e+02	6.174568996497587392e+01
1.783463883333328397e+02	2.300000000000000000e+02	6.174568996497587392e+01
1.240300149999999491e+02	1.425000000000000000e+02	6.174568996497587392e+01
1.052179166666666674e+02	1.315000000000000000e+02	6.174568996497587392e+01
1.892254216666677848e+02	1.245000000000000000e+02	6.174568996497587392e+01
3.672326899999997636e+02	2.895500000000000114e+02	6.174568996497587392e+01
1.791914949999990370e+02	1.950000000000000000e+02	6.174568996497587392e+01
3.324923333333329083e+02	3.690000000000000000e+02	6.174568996497587392e+01
4.097651900000000182e+02	3.600000000000000000e+02	6.174568996497587392e+01
2.108898466666680349e+02	2.400000000000000000e+02	6.174568996497587392e+01
3.243821133333331659e+02	3.050000000000000000e+02	6.174568996497587392e+01
1.948626166666666961e+02	1.800000000000000000e+02	6.174568996497587392e+01
1.824112499999994270e+02	2.145000000000000000e+02	6.174568996497587392e+01
1.231629433333336010e+02	1.025000000000000000e+02	6.174568996497587392e+01
1.952300850000005994e+02	1.711500000000000057e+02	6.174568996497587392e+01
2.687891433333335840e+02	3.000000000000000000e+02	6.174568996497587392e+01
9.177301666666788549e+01	1.525000000000000000e+02	6.174568996497587392e+01
6.613654333333361990e+01	4.200000000000000000e+01	6.174568996497587392e+01
4.413591350000001512e+02	5.000000000000000000e+02	6.174568996497587392e+01
1.352121733333341638e+02	1.274899999999999949e+02	6.174568996497587392e+01
3.664484650000010788e+02	4.030000000000000000e+02	6.174568996497587392e+01
9.966296166666650436e+01	1.255000000000000000e+02	6.174568996497587392e+01
1.715802216666661479e+02	7.189000000000000057e+01	6.174568996497587392e+01
1.715175349999996399e+02	1.525000000000000000e+02	6.174568996497587392e+01
4.354984300000014059e+02	3.100000000000000000e+02	6.174568996497587392e+01
4.185391866666666942e+02	2.550000000000000000e+02	6.174568996497587392e+01
7.642273500000003139e+01	7.100000000000000000e+01	6.174568996497587392e+01
1.083271783333331655e+02	1.150000000000000000e+02	6.174568996497587392e+01
2.154503549999987797e+02	2.700000000000000000e+02	6.174568996497587392e+01
5.618716833333346727e+01	5.100000000000000000e+01	6.174568996497587392e+01
5.721864000000002903e+01	7.600000000000000000e+01	6.174568996497587392e+01
1.262555316666672383e+02	9.200000000000000000e+01	6.174568996497587392e+01
3.556791283333331535e+02	3.950000000000000000e+02	6.174568996497587392e+01
2.770867966666666575e+02	2.600000000000000000e+02	6.174568996497587392e+01
2.886982350000001247e+02	2.440000000000000000e+02	6.174568996497587392e+01
2.201887750000000779e+02	2.550000000000000000e+02	6.174568996497587392e+01
1.942063033333350006e+02	1.481899999999999977e+02	6.174568996497587392e+01
1.941903966666652650e+02	1.625000000000000000e+02	6.174568996497587392e+01
1.106276900000000722e+02	1.075000000000000000e+02	6.174568996497587392e+01
1.079555199999999076e+02	8.000000000000000000e+01	6.174568996497587392e+01
4.051656749999976341e+02	3.910000000000000000e+02	6.174568996497587392e+01
4.369819400000007477e+02	3.250000000000000000e+02	6.174568996497587392e+01
2.174554299999992679e+02	1.785000000000000000e+02	6.174568996497587392e+01
1.008573466666665155e+02	1.095000000000000000e+02	6.174568996497587392e+01
5.240669166666678080e+01	6.100000000000000000e+01	6.174568996497587392e+01
1.077094783333331520e+02	1.025000000000000000e+02	6.174568996497587392e+01
1.957289399999995112e+02	1.670000000000000000e+02	6.174568996497587392e+01
1.036539199999998999e+02	1.970000000000000000e+02	6.174568996497587392e+01
5.032148333333314127e+01	2.350000000000000000e+01	6.174568996497587392e+01
7.558741666666692538e+01	1.459900000000000091e+02	6.174568996497587392e+01
2.468139249999990170e+02	3.015600000000000023e+02	6.174568996497587392e+01
3.643786666666663621e+01	4.200000000000000000e+01	6.174568996497587392e+01
1.305228333333333524e+02	1.275000000000000000e+02	6.174568996497587392e+01
1.609952666666662537e+02	2.275300000000000011e+02	6.174568996497587392e+01
3.006101633333331051e+02	3.500000000000000000e+02	6.174568996497587392e+01
6.570880933333343137e+02	6.700000000000000000e+02	6.174568996497587392e+01
1.540849000000000899e+02	1.450099999999999909e+02	6.174568996497587392e+01
4.267824383333331753e+02	3.750000000000000000e+02	6.174568996497587392e+01
4.349715300000014508e+02	5.660000000000000000e+02	6.174568996497587392e+01
1.146450349999999503e+02	1.375000000000000000e+02	6.174568996497587392e+01
2.792141016666665791e+02	1.675000000000000000e+02	6.174568996497587392e+01
3.194376233333337609e+02	3.250000000000000000e+02	6.174568996497587392e+01
1.799283399999997357e+02	2.550000000000000000e+02	6.174568996497587392e+01
2.555901849999999911e+02	1.060000000000000000e+02	6.174568996497587392e+01
1.768503916666671500e+02	1.775000000000000000e+02	6.174568996497587392e+01
1.584844183333333376e+02	1.100000000000000000e+02	6.174568996497587392e+01
1.855677333333335639e+02	1.370000000000000000e+02	6.174568996497587392e+01
7.985977000000001453e+02	7.186499999999999773e+02	6.174568996497587392e+01
1.088078016666660375e+02	8.000000000000000000e+01	6.174568996497587392e+01
3.274857566666665321e+02	3.600000000000000000e+02	6.174568996497587392e+01
4.901616816666667660e+02	2.425000000000000000e+02	6.174568996497587392e+01
1.811791583333332767e+02	1.059500000000000028e+02	6.174568996497587392e+01
4.157516483333322981e+02	4.290000000000000000e+02	6.174568996497587392e+01
1.845657750000006843e+02	3.050000000000000000e+02	6.174568996497587392e+01
1.895171766666669839e+02	2.275000000000000000e+02	6.174568996497587392e+01
2.891802300000001651e+02	2.750000000000000000e+02	6.174568996497587392e+01
1.526143050000000869e+02	1.550000000000000000e+02	6.174568996497587392e+01
3.064262833333332878e+02	4.500000000000000000e+02	6.174568996497587392e+01
1.707377349999997023e+02	1.415000000000000000e+02	6.174568996497587392e+01
1.204192766666661640e+02	5.000000000000000000e+00	6.174568996497587392e+01
4.545470333333378221e+02	4.670000000000000000e+02	6.174568996497587392e+01
2.103100883333331410e+02	1.700000000000000000e+02	6.174568996497587392e+01
1.779717333333320539e+02	1.455099999999999909e+02	6.174568996497587392e+01
1.714546599999995067e+02	1.650000000000000000e+02	6.174568996497587392e+01
1.426232750000007456e+02	1.275000000000000000e+02	6.174568996497587392e+01
4.375389966666666623e+02	3.250000000000000000e+02	6.174568996497587392e+01
2.244119549999999492e+02	1.705000000000000000e+02	6.174568996497587392e+01
1.716665666666667676e+02	1.081500000000000057e+02	6.174568996497587392e+01
1.363344700000006924e+02	1.325000000000000000e+02	6.174568996497587392e+01
1.640755749999997022e+02	1.725000000000000000e+02	6.174568996497587392e+01
1.965428983333325732e+02	1.690000000000000000e+02	6.174568996497587392e+01
4.121483416666652033e+02	4.050000000000000000e+02	6.174568996497587392e+01
1.914529383333344583e+02	1.275000000000000000e+02	6.174568996497587392e+01
7.277918000000003929e+01	6.500000000000000000e+01	6.174568996497587392e+01
1.880752799999999070e+02	1.680000000000000000e+02	6.174568996497587392e+01
5.266804166666679521e+01	4.100000000000000000e+01	6.174568996497587392e+01
7.180809666666696955e+01	5.500000000000000000e+01	6.174568996497587392e+01
2.400730883333330894e+02	2.950000000000000000e+02	6.174568996497587392e+01
1.347346949999999026e+02	2.550000000000000000e+02	6.174568996497587392e+01
1.566552983333330928e+02	1.765600000000000023e+02	6.174568996497587392e+01
6.639980000000015536e+01	6.800000000000000000e+01	6.174568996497587392e+01
1.094190683333330725e+02	6.359000000000000341e+01	6.174568996497587392e+01
7.761007333333314762e+01	7.400000000000000000e+01	6.174568996497587392e+01
1.097489233333332805e+02	1.675000000000000000e+02	6.174568996497587392e+01
9.129668999999971390e+01	6.100000000000000000e+01	6.174568996497587392e+01
7.807891833333346199e+01	5.300000000000000000e+01	6.174568996497587392e+01
2.315811166666672705e+01	3.800000000000000000e+01	6.174568996497587392e+01
1.619737033333330771e+02	1.144899999999999949e+02	6.174568996497587392e+01
4.125550183333320433e+02	4.250000000000000000e+02	6.174568996497587392e+01
1.249280150000001868e+02	2.700000000000000000e+02	6.174568996497587392e+01
9.346105999999996072e+01	9.800000000000000000e+01	6.174568996497587392e+01
1.107788483333337126e+02	6.100000000000000000e+01	6.174568996497587392e+01
3.738524116666662849e+02	1.275100000000000051e+02	6.174568996497587392e+01
4.685277700000002028e+02	4.650000000000000000e+02	6.174568996497587392e+01
3.273225183333332211e+02	3.070000000000000000e+02	6.174568996497587392e+01
2.032575350000000753e+02	1.650000000000000000e+02	6.174568996497587392e+01
1.021604833333331470e+02	6.700000000000000000e+01	6.174568996497587392e+01
1.857170683333326053e+02	1.675000000000000000e+02	6.174568996497587392e+01
3.385570633333329624e+02	2.810000000000000000e+02	6.174568996497587392e+01
1.605704733333330125e+02	1.995000000000000000e+02	6.174568996497587392e+01
5.703143733333328100e+02	3.600000000000000000e+02	6.174568996497587392e+01
1.149730999999992065e+02	1.425000000000000000e+02	6.174568996497587392e+01
1.117672733333339323e+02	1.375000000000000000e+02	6.174568996497587392e+01
2.450524133333327939e+02	1.750000000000000000e+02	6.174568996497587392e+01
2.103207633333331330e+02	2.175000000000000000e+02	6.174568996497587392e+01
3.243558249999998679e+02	3.850000000000000000e+02	6.174568996497587392e+01
2.820496566666660669e+02	2.125000000000000000e+02	6.174568996497587392e+01
3.029131016666662504e+02	3.550000000000000000e+02	6.174568996497587392e+01
1.132842550000000301e+02	1.304000000000000057e+02	6.174568996497587392e+01
5.604564166666682468e+01	2.700000000000000000e+01	6.174568996497587392e+01
6.910940166666676987e+01	1.290000000000000000e+02	6.174568996497587392e+01
1.849057333333331314e+02	1.437500000000000000e+02	6.174568996497587392e+01
7.753593833333353302e+01	5.100000000000000000e+01	6.174568996497587392e+01
3.369474783333330947e+02	3.400000000000000000e+02	6.174568996497587392e+01
1.253157333333333980e+02	7.200000000000000000e+01	6.174568996497587392e+01
1.231350633333332922e+02	1.325000000000000000e+02	6.174568996497587392e+01
3.329397449999999594e+02	3.600000000000000000e+02	6.174568996497587392e+01
1.507331233333327134e+02	1.935000000000000000e+02	6.174568996497587392e+01
2.002909599999992736e+02	1.750000000000000000e+02	6.174568996497587392e+01
1.916319133333334719e+02	1.950000000000000000e+02	6.174568996497587392e+01
3.291107749999999896e+02	4.110000000000000000e+02	6.174568996497587392e+01
2.649003233333331195e+02	1.815000000000000000e+02	6.174568996497587392e+01
9.880441666666685308e+01	1.175000000000000000e+02	6.174568996497587392e+01
2.550709699999992210e+02	4.010000000000000000e+02	6.174568996497587392e+01
1.030651216666663004e+02	1.084000000000000057e+02	6.174568996497587392e+01
3.767739133333336099e+02	2.169499999999999886e+02	6.174568996497587392e+01
1.920255266666677869e+02	1.999499999999999886e+02	6.174568996497587392e+01
1.889847899999993217e+02	2.250000000000000000e+02	6.174568996497587392e+01
1.569067916666666633e+02	1.875000000000000000e+02	6.174568996497587392e+01
5.723842333333360699e+01	7.200000000000000000e+01	6.174568996497587392e+01
9.246867166666648075e+01	1.175000000000000000e+02	6.174568996497587392e+01
3.288775233333334995e+02	6.300000000000000000e+02	6.174568996497587392e+01
1.889958399999993901e+02	2.475000000000000000e+02	6.174568996497587392e+01
2.160867633333334652e+02	2.000500000000000114e+02	6.174568996497587392e+01
1.920225149999991743e+02	2.025000000000000000e+02	6.174568996497587392e+01
2.830383516666668697e+02	2.608999999999999773e+02	6.174568996497587392e+01
8.408326999999987095e+01	1.185000000000000000e+02	6.174568996497587392e+01
1.341239616666671566e+02	1.100000000000000000e+02	6.174568996497587392e+01
1.060870900000000461e+02	1.225000000000000000e+02	6.174568996497587392e+01
3.120363233333332005e+02	2.550000000000000000e+02	6.174568996497587392e+01
5.691729500000005260e+01	3.900000000000000000e+01	6.174568996497587392e+01
5.296015099999997346e+02	3.200000000000000000e+02	6.174568996497587392e+01
3.055086666666660449e+02	3.400500000000000114e+02	6.174568996497587392e+01
2.001028349999998284e+02	2.450000000000000000e+02	6.174568996497587392e+01
1.748009333333358484e+02	2.425000000000000000e+02	6.174568996497587392e+01
1.672500333333319134e+02	2.325000000000000000e+02	6.174568996497587392e+01
9.786849833333319282e+01	1.025000000000000000e+02	6.174568996497587392e+01
1.625465666666661377e+02	1.785000000000000000e+02	6.174568996497587392e+01
3.310418133333329820e+02	4.000000000000000000e+02	6.174568996497587392e+01
1.694083299999994949e+02	1.550000000000000000e+02	6.174568996497587392e+01
3.877583449999999630e+02	3.290000000000000000e+02	6.174568996497587392e+01
1.258378200000000362e+02	4.589000000000000057e+01	6.174568996497587392e+01
2.484962133333333156e+02	2.504900000000000091e+02	6.174568996497587392e+01
1.060338500000001005e+02	1.250000000000000000e+02	6.174568996497587392e+01
2.416925783333335005e+02	2.650000000000000000e+02	6.174568996497587392e+01
8.277477983333333214e+02	1.025000000000000000e+03	6.174568996497587392e+01
3.022899550000000204e+02	2.700000000000000000e+02	6.174568996497587392e+01
5.409815000000003238e+01	1.869000000000000128e+01	6.174568996497587392e+01
1.561326683333332142e+02	1.347199999999999989e+02	6.174568996497587392e+01
1.570044216666666443e+02	1.500000000000000000e+02	6.174568996497587392e+01
1.966593783333331942e+02	1.855000000000000000e+02	6.174568996497587392e+01
1.064747566666665222e+02	1.000000000000000000e+02	6.174568996497587392e+01
8.311004666666656249e+01	8.200000000000000000e+01	6.174568996497587392e+01
2.069094216666663897e+02	1.944900000000000091e+02	6.174568996497587392e+01
8.481512766666666039e+02	6.000000000000000000e+02	6.174568996497587392e+01
9.262879000000037877e+01	1.275000000000000000e+02	6.174568996497587392e+01
5.454338500000019252e+01	4.000000000000000000e+01	6.174568996497587392e+01
3.093955666666660704e+02	3.300000000000000000e+02	6.174568996497587392e+01
1.195647683333335038e+02	1.125000000000000000e+02	6.174568996497587392e+01
5.006248066666667000e+02	4.400000000000000000e+02	6.174568996497587392e+01
2.527886533333330590e+02	1.225000000000000000e+02	6.174568996497587392e+01
6.310990566666663426e+02	5.600000000000000000e+02	6.174568996497587392e+01
1.155590200000001886e+02	1.055000000000000000e+02	6.174568996497587392e+01
1.732494816666664974e+02	2.000000000000000000e+02	6.174568996497587392e+01
4.525882883333333666e+02	3.600000000000000000e+02	6.174568996497587392e+01
1.084005366666665822e+02	1.625000000000000000e+02	6.174568996497587392e+01
1.602910249999999905e+02	1.025000000000000000e+02	6.174568996497587392e+01
8.842709499999993739e+01	5.200000000000000000e+01	6.174568996497587392e+01
3.907426983333328394e+02	4.640000000000000000e+02	6.174568996497587392e+01
1.137715383333330266e+02	1.675000000000000000e+02	6.174568996497587392e+01
3.443152466666661553e+02	2.075000000000000000e+02	6.174568996497587392e+01
2.245816500000009341e+01	1.550000000000000000e+01	6.174568996497587392e+01
1.244266983333333627e+02	1.700000000000000000e+02	6.174568996497587392e+01
2.550675649999993482e+02	2.200000000000000000e+02	6.174568996497587392e+01
1.865208616666649561e+02	1.775000000000000000e+02	6.174568996497587392e+01
2.258359449999988726e+02	1.825000000000000000e+02	6.174568996497587392e+01
2.014043399999998201e+02	1.975000000000000000e+02	6.174568996497587392e+01
1.818665716666670562e+02	2.025000000000000000e+02	6.174568996497587392e+01
2.857646900000008259e+02	3.550000000000000000e+02	6.174568996497587392e+01
4.572027249999991341e+02	5.500000000000000000e+02	6.174568996497587392e+01
9.282765166666656853e+01	4.600000000000000000e+01	6.174568996497587392e+01
9.664606666666647072e+01	8.000000000000000000e+01	6.174568996497587392e+01
1.401771433333338166e+02	1.075100000000000051e+02	6.174568996497587392e+01
1.108184783333332604e+02	5.800000000000000000e+01	6.174568996497587392e+01
1.979123100000000193e+02	2.500099999999999909e+02	6.174568996497587392e+01
3.897998666666661194e+01	3.550000000000000000e+01	6.174568996497587392e+01
8.369362833333346430e+01	8.100000000000000000e+01	6.174568996497587392e+01
3.353332333333275983e+01	8.198999999999999488e+01	6.174568996497587392e+01
3.847074666666670595e+01	4.100000000000000000e+01	6.174568996497587392e+01
3.154027633333330414e+02	3.250000000000000000e+02	6.174568996497587392e+01
4.708482616666680656e+02	2.550000000000000000e+02	6.174568996497587392e+01
1.743041849999997339e+02	1.775000000000000000e+02	6.174568996497587392e+01
8.267215166666665027e+01	9.000000000000000000e+01	6.174568996497587392e+01
3.175767200000005346e+02	2.650000000000000000e+02	6.174568996497587392e+01
1.856992583333324944e+02	2.025000000000000000e+02	6.174568996497587392e+01
4.304847766666683242e+02	3.110000000000000000e+02	6.174568996497587392e+01
3.240906049999995844e+02	3.426499999999999773e+02	6.174568996497587392e+01
1.713169149999988576e+02	1.425000000000000000e+02	6.174568996497587392e+01
9.158156000000032293e+01	1.511500000000000057e+02	6.174568996497587392e+01
1.018376516666665026e+02	1.000000000000000000e+02	6.174568996497587392e+01
2.208257983333340064e+02	1.800000000000000000e+02	6.174568996497587392e+01
4.180054883333329485e+02	3.090000000000000000e+02	6.174568996497587392e+01
1.357081550000001187e+02	1.339900000000000091e+02	6.174568996497587392e+01
1.222218549999999340e+02	1.850000000000000000e+02	6.174568996497587392e+01
1.987624099999993632e+02	1.425000000000000000e+02	6.174568996497587392e+01
6.975955333333364194e+01	9.100000000000000000e+01	6.174568996497587392e+01
5.767417283333328442e+02	3.950000000000000000e+02	6.174568996497587392e+01
2.624844783333276155e+02	3.000000000000000000e+02	6.174568996497587392e+01
1.566838516666665839e+02	1.655600000000000023e+02	6.174568996497587392e+01
2.564261916666671368e+02	2.275000000000000000e+02	6.174568996497587392e+01
1.229372633333334193e+02	1.475000000000000000e+02	6.174568996497587392e+01
3.500796550000002298e+02	3.850000000000000000e+02	6.174568996497587392e+01
2.166181066666686945e+02	1.695000000000000000e+02	6.174568996497587392e+01
3.019817399999997747e+02	3.900000000000000000e+02	6.174568996497587392e+01
1.176607516666665560e+02	1.225000000000000000e+02	6.174568996497587392e+01
1.803211766666660196e+02	2.025500000000000114e+02	6.174568996497587392e+01
2.799758199999999420e+02	2.020000000000000000e+02	6.174568996497587392e+01
1.326701183333337042e+02	7.100000000000000000e+01	6.174568996497587392e+01
1.221302716666667152e+02	9.500000000000000000e+01	6.174568996497587392e+01
1.188303650000000431e+02	1.925000000000000000e+02	6.174568996497587392e+01
4.209733349999996221e+02	3.710000000000000000e+02	6.174568996497587392e+01
1.537340316666667377e+02	1.200000000000000000e+02	6.174568996497587392e+01
1.625112199999994687e+02	2.225000000000000000e+02	6.174568996497587392e+01
4.817018833333361982e+01	8.200000000000000000e+01	6.174568996497587392e+01
9.431013999999998987e+01	8.300000000000000000e+01	6.174568996497587392e+01
1.031194983333334676e+02	7.200000000000000000e+01	6.174568996497587392e+01
1.093206866666663615e+02	7.900000000000000000e+01	6.174568996497587392e+01
4.217095950000007747e+02	3.910000000000000000e+02	6.174568996497587392e+01
4.488359583333337355e+02	5.700000000000000000e+02	6.174568996497587392e+01
2.126229183333335584e+02	1.614699999999999989e+02	6.174568996497587392e+01
3.107487133333331144e+02	3.330000000000000000e+02	6.174568996497587392e+01
1.901872333333333245e+02	1.275000000000000000e+02	6.174568996497587392e+01
2.182170899999990468e+02	1.480000000000000000e+02	6.174568996497587392e+01
1.312591799999998727e+02	1.790000000000000000e+02	6.174568996497587392e+01
2.603671600000004105e+02	2.600099999999999909e+02	6.174568996497587392e+01
3.518469933333323638e+02	4.600000000000000000e+02	6.174568996497587392e+01
1.659043049999995389e+02	2.550000000000000000e+02	6.174568996497587392e+01
2.232368233333340015e+02	1.822500000000000000e+02	6.174568996497587392e+01
1.422811650000012094e+02	1.375000000000000000e+02	6.174568996497587392e+01
1.575657016666659160e+02	1.697299999999999898e+02	6.174568996497587392e+01
9.540336166666696727e+01	6.600000000000000000e+01	6.174568996497587392e+01
6.203233333333363220e+01	7.800000000000000000e+01	6.174568996497587392e+01
1.880752849999996670e+02	2.475000000000000000e+02	6.174568996497587392e+01
1.417506383333335691e+02	8.168999999999999773e+01	6.174568996497587392e+01
1.938993216666663102e+02	1.609900000000000091e+02	6.174568996497587392e+01
3.643163833333337465e+01	1.998999999999999844e+01	6.174568996497587392e+01
1.873609583333333148e+02	1.440000000000000000e+02	6.174568996497587392e+01
1.209687683333332870e+02	1.462500000000000000e+02	6.174568996497587392e+01
4.715663533333329838e+02	5.340000000000000000e+02	6.174568996497587392e+01
1.064311499999996755e+02	1.050000000000000000e+02	6.174568996497587392e+01
1.559723533333328191e+02	1.950000000000000000e+02	6.174568996497587392e+01
2.601235083333326088e+02	2.300000000000000000e+02	6.174568996497587392e+01
1.106192766666667922e+02	9.635999999999999943e+01	6.174568996497587392e+01
1.199578966666665707e+02	1.740000000000000000e+02	6.174568996497587392e+01
2.611388649999997256e+02	2.410000000000000000e+02	6.174568996497587392e+01
1.370224833333337813e+02	1.299900000000000091e+02	6.174568996497587392e+01
1.325968850000000430e+02	2.175000000000000000e+02	6.174568996497587392e+01
5.545730533333347694e+02	5.800000000000000000e+02	6.174568996497587392e+01
1.725428333333333910e+02	1.225000000000000000e+02	6.174568996497587392e+01
3.286485516666666058e+02	2.356100000000000136e+02	6.174568996497587392e+01
1.100506516666664965e+02	1.225000000000000000e+02	6.174568996497587392e+01
1.890456449999991264e+02	1.706999999999999886e+02	6.174568996497587392e+01
6.119428000000010570e+01	6.709000000000000341e+01	6.174568996497587392e+01
1.977851299999993273e+02	1.425000000000000000e+02	6.174568996497587392e+01
1.176558616666664960e+02	1.010000000000000000e+02	6.174568996497587392e+01
1.068960399999996724e+02	2.010000000000000000e+02	6.174568996497587392e+01
2.371508116666667263e+02	2.325000000000000000e+02	6.174568996497587392e+01
3.326430533333327162e+02	3.000000000000000000e+02	6.174568996497587392e+01
1.825210683333330053e+02	1.900000000000000000e+02	6.174568996497587392e+01
3.163659616666664647e+02	3.300000000000000000e+02	6.174568996497587392e+01
1.989388766666663741e+02	1.600000000000000000e+02	6.174568996497587392e+01
4.825516499999999382e+02	4.000000000000000000e+02	6.174568996497587392e+01
1.811863016666660258e+02	2.300000000000000000e+02	6.174568996497587392e+01
3.508865450000008082e+02	3.850000000000000000e+02	6.174568996497587392e+01
9.021609499999995307e+01	1.025000000000000000e+02	6.174568996497587392e+01
1.198723250000001599e+02	1.250000000000000000e+02	6.174568996497587392e+01
1.330520716666666488e+02	8.800000000000000000e+01	6.174568996497587392e+01
2.160803000000007614e+02	2.428400000000000034e+02	6.174568996497587392e+01
6.974960000000002935e+01	4.900000000000000000e+01	6.174568996497587392e+01
3.286951416666663022e+02	3.750000000000000000e+02	6.174568996497587392e+01
1.779620733333325404e+02	1.450099999999999909e+02	6.174568996497587392e+01
1.682615499999998008e+02	1.605000000000000000e+02	6.174568996497587392e+01
1.207753049999999320e+02	1.150000000000000000e+02	6.174568996497587392e+01
6.803156633333333048e+02	7.200499999999999545e+02	6.174568996497587392e+01
1.150778333333332597e+02	1.175000000000000000e+02	6.174568996497587392e+01
1.958457266666664509e+02	2.185000000000000000e+02	6.174568996497587392e+01
3.808226366666644935e+02	3.550000000000000000e+02	6.174568996497587392e+01
1.804793250000008982e+02	1.785000000000000000e+02	6.174568996497587392e+01
1.114964066666662461e+02	1.145000000000000000e+02	6.174568996497587392e+01
1.010421433333339252e+02	1.325000000000000000e+02	6.174568996497587392e+01
5.648454333333378941e+01	8.400000000000000000e+01	6.174568996497587392e+01
1.444268649999998217e+02	1.966699999999999875e+02	6.174568996497587392e+01
2.934081466666683582e+02	3.150000000000000000e+02	6.174568996497587392e+01
1.286276083333337681e+02	1.335000000000000000e+02	6.174568996497587392e+01
3.740516333333317220e+02	3.300000000000000000e+02	6.174568996497587392e+01
3.509103100000002655e+02	3.960000000000000000e+02	6.174568996497587392e+01
7.977241166666642869e+01	1.000000000000000000e+01	6.174568996497587392e+01
1.696343083333328821e+02	1.785000000000000000e+02	6.174568996497587392e+01
2.058291183333340939e+02	2.673700000000000045e+02	6.174568996497587392e+01
1.248497383333340878e+02	7.600000000000000000e+01	6.174568996497587392e+01
1.860559549999993578e+02	1.436500000000000057e+02	6.174568996497587392e+01
3.161618366666663746e+02	2.325000000000000000e+02	6.174568996497587392e+01
1.892825949999995885e+02	1.500000000000000000e+02	6.174568996497587392e+01
1.097216666666659677e+02	1.075000000000000000e+02	6.174568996497587392e+01
4.611242166666665554e+01	4.099000000000000199e+01	6.174568996497587392e+01
2.551134216666680459e+02	2.080399999999999920e+02	6.174568996497587392e+01
3.638671049999995830e+02	3.270000000000000000e+02	6.174568996497587392e+01
4.285676266666667402e+02	3.200000000000000000e+02	6.174568996497587392e+01
3.255163133333331302e+02	2.950000000000000000e+02	6.174568996497587392e+01
3.163650866666664569e+02	2.650000000000000000e+02	6.174568996497587392e+01
1.762628816666666864e+02	1.709000000000000057e+02	6.174568996497587392e+01
